#depth	C  1	C  2	C  3	C  4	C  5	C  6	C  7	C1	C1*	C1**	C2	C2*	CO
 1.33294e+20	4.68e-10	1.16e-05	2.63e-03	1.81e-02	4.92e-01	4.20e-01	6.72e-02	4.67e-10	2.79e-13	5.91e-14	1.16e-05	2.39e-10	2.82e-38
 7.99765e+20	4.93e-10	1.41e-05	3.09e-03	2.02e-02	5.10e-01	4.06e-01	6.05e-02	4.93e-10	3.13e-13	6.63e-14	1.41e-05	2.98e-10	4.49e-38
 1.85196e+21	9.60e-10	3.14e-05	5.85e-03	3.09e-02	5.82e-01	3.43e-01	3.81e-02	9.59e-10	7.86e-13	1.67e-13	3.14e-05	7.47e-10	4.22e-37
 2.61857e+21	2.92e-09	7.89e-05	1.21e-02	4.93e-02	6.51e-01	2.67e-01	2.07e-02	2.92e-09	3.26e-12	6.92e-13	7.89e-05	2.22e-09	7.42e-36
 2.92805e+21	6.50e-09	1.42e-04	1.89e-02	6.52e-02	6.83e-01	2.20e-01	1.34e-02	6.48e-09	8.84e-12	1.87e-12	1.42e-04	4.54e-09	4.94e-35
 3.00542e+21	7.66e-09	1.62e-04	2.10e-02	6.97e-02	6.88e-01	2.09e-01	1.20e-02	7.64e-09	1.10e-11	2.34e-12	1.62e-04	5.35e-09	7.71e-35
 3.03359e+21	8.07e-09	1.68e-04	2.17e-02	7.11e-02	6.90e-01	2.05e-01	1.16e-02	8.05e-09	1.18e-11	2.50e-12	1.68e-04	5.63e-09	8.82e-35
 3.06279e+21	8.51e-09	1.75e-04	2.23e-02	7.23e-02	6.91e-01	2.03e-01	1.13e-02	8.50e-09	1.26e-11	2.67e-12	1.75e-04	5.89e-09	9.98e-35
 3.10076e+21	9.07e-09	1.83e-04	2.31e-02	7.38e-02	6.93e-01	1.99e-01	1.09e-02	9.05e-09	1.36e-11	2.89e-12	1.83e-04	6.24e-09	1.16e-34
 3.15011e+21	9.86e-09	1.95e-04	2.42e-02	7.60e-02	6.95e-01	1.94e-01	1.03e-02	9.84e-09	1.52e-11	3.22e-12	1.95e-04	6.74e-09	1.43e-34
 3.21427e+21	1.10e-08	2.11e-04	2.57e-02	7.88e-02	6.97e-01	1.88e-01	9.68e-03	1.10e-08	1.74e-11	3.70e-12	2.11e-04	7.45e-09	1.86e-34
 3.28253e+21	1.28e-08	2.35e-04	2.79e-02	8.28e-02	7.00e-01	1.80e-01	8.85e-03	1.27e-08	2.10e-11	4.46e-12	2.35e-04	8.52e-09	2.67e-34
 3.34075e+21	1.46e-08	2.59e-04	3.00e-02	8.65e-02	7.02e-01	1.73e-01	8.15e-03	1.46e-08	2.49e-11	5.29e-12	2.59e-04	9.63e-09	3.69e-34
 3.38865e+21	1.63e-08	2.81e-04	3.19e-02	8.97e-02	7.03e-01	1.67e-01	7.59e-03	1.63e-08	2.87e-11	6.10e-12	2.81e-04	1.07e-08	4.86e-34
 3.42845e+21	1.80e-08	3.01e-04	3.36e-02	9.25e-02	7.04e-01	1.62e-01	7.15e-03	1.79e-08	3.24e-11	6.88e-12	3.01e-04	1.17e-08	6.13e-34
 3.46195e+21	1.95e-08	3.19e-04	3.51e-02	9.50e-02	7.05e-01	1.58e-01	6.79e-03	1.94e-08	3.59e-11	7.63e-12	3.19e-04	1.26e-08	7.47e-34
 3.49042e+21	2.09e-08	3.35e-04	3.65e-02	9.71e-02	7.05e-01	1.55e-01	6.49e-03	2.08e-08	3.93e-11	8.34e-12	3.35e-04	1.34e-08	8.87e-34
 3.51481e+21	2.22e-08	3.51e-04	3.77e-02	9.89e-02	7.05e-01	1.52e-01	6.24e-03	2.22e-08	4.25e-11	9.02e-12	3.51e-04	1.42e-08	1.03e-33
 3.53585e+21	2.34e-08	3.64e-04	3.88e-02	1.01e-01	7.05e-01	1.49e-01	6.03e-03	2.33e-08	4.54e-11	9.63e-12	3.64e-04	1.49e-08	1.17e-33
 3.55411e+21	2.45e-08	3.77e-04	3.98e-02	1.02e-01	7.05e-01	1.47e-01	5.85e-03	2.44e-08	4.81e-11	1.02e-11	3.77e-04	1.55e-08	1.31e-33
 3.57001e+21	2.55e-08	3.88e-04	4.07e-02	1.03e-01	7.05e-01	1.45e-01	5.69e-03	2.54e-08	5.06e-11	1.07e-11	3.88e-04	1.61e-08	1.45e-33
 3.58393e+21	2.64e-08	3.98e-04	4.15e-02	1.05e-01	7.05e-01	1.43e-01	5.56e-03	2.64e-08	5.30e-11	1.13e-11	3.98e-04	1.67e-08	1.58e-33
 3.59614e+21	2.72e-08	4.07e-04	4.22e-02	1.06e-01	7.05e-01	1.41e-01	5.44e-03	2.72e-08	5.51e-11	1.17e-11	4.07e-04	1.72e-08	1.71e-33
 3.60689e+21	2.80e-08	4.15e-04	4.28e-02	1.06e-01	7.05e-01	1.40e-01	5.34e-03	2.79e-08	5.71e-11	1.21e-11	4.15e-04	1.76e-08	1.83e-33
 3.61669e+21	2.87e-08	4.23e-04	4.34e-02	1.07e-01	7.05e-01	1.39e-01	5.25e-03	2.86e-08	5.89e-11	1.25e-11	4.23e-04	1.80e-08	1.95e-33
 3.62615e+21	2.94e-08	4.30e-04	4.39e-02	1.08e-01	7.05e-01	1.38e-01	5.17e-03	2.93e-08	6.07e-11	1.29e-11	4.30e-04	1.84e-08	2.06e-33
 3.63547e+21	3.00e-08	4.37e-04	4.45e-02	1.09e-01	7.04e-01	1.37e-01	5.09e-03	3.00e-08	6.25e-11	1.33e-11	4.37e-04	1.88e-08	2.18e-33
 3.64467e+21	3.07e-08	4.44e-04	4.50e-02	1.10e-01	7.04e-01	1.36e-01	5.01e-03	3.07e-08	6.43e-11	1.37e-11	4.44e-04	1.92e-08	2.31e-33
 3.65374e+21	3.14e-08	4.52e-04	4.56e-02	1.10e-01	7.04e-01	1.35e-01	4.94e-03	3.14e-08	6.62e-11	1.41e-11	4.52e-04	1.96e-08	2.45e-33
 3.66269e+21	3.21e-08	4.59e-04	4.61e-02	1.11e-01	7.04e-01	1.33e-01	4.86e-03	3.21e-08	6.81e-11	1.45e-11	4.59e-04	2.01e-08	2.59e-33
 3.67151e+21	3.29e-08	4.67e-04	4.67e-02	1.12e-01	7.04e-01	1.32e-01	4.79e-03	3.28e-08	7.01e-11	1.49e-11	4.67e-04	2.05e-08	2.73e-33
 3.68023e+21	3.36e-08	4.74e-04	4.72e-02	1.13e-01	7.03e-01	1.31e-01	4.71e-03	3.35e-08	7.21e-11	1.53e-11	4.74e-04	2.09e-08	2.89e-33
 3.68882e+21	3.43e-08	4.82e-04	4.78e-02	1.13e-01	7.03e-01	1.30e-01	4.64e-03	3.42e-08	7.41e-11	1.57e-11	4.82e-04	2.13e-08	3.05e-33
 3.69404e+21	3.51e-08	4.89e-04	4.83e-02	1.14e-01	7.03e-01	1.29e-01	4.57e-03	3.50e-08	7.62e-11	1.62e-11	4.89e-04	2.18e-08	3.22e-33
