#depth	Ne 1	Ne 2	Ne 3	Ne 4	Ne 5	Ne 6	Ne 7	Ne 8	Ne 9	Ne10	Ne11
 1.33294e+20	1.54e-13	1.74e-08	4.77e-05	5.57e-03	1.26e-01	4.32e-01	2.59e-01	1.08e-01	6.70e-02	2.71e-03	3.01e-05
 7.99765e+20	2.20e-13	2.34e-08	6.04e-05	6.60e-03	1.39e-01	4.45e-01	2.50e-01	9.90e-02	5.81e-02	2.19e-03	2.28e-05
 1.85243e+21	9.13e-13	7.61e-08	1.52e-04	1.26e-02	1.99e-01	4.83e-01	2.06e-01	6.65e-02	3.15e-02	8.93e-04	6.98e-06
 2.62391e+21	4.61e-12	2.84e-07	4.19e-04	2.47e-02	2.79e-01	4.90e-01	1.52e-01	3.90e-02	1.44e-02	2.94e-04	1.65e-06
 2.93891e+21	1.21e-11	6.18e-07	7.51e-04	3.59e-02	3.31e-01	4.75e-01	1.21e-01	2.72e-02	8.71e-03	1.44e-04	6.61e-07
 3.01766e+21	1.60e-11	7.71e-07	8.86e-04	3.98e-02	3.45e-01	4.69e-01	1.13e-01	2.44e-02	7.49e-03	1.17e-04	0.00e+00
 3.04528e+21	1.72e-11	8.16e-07	9.25e-04	4.09e-02	3.49e-01	4.67e-01	1.11e-01	2.37e-02	7.20e-03	1.11e-04	0.00e+00
 3.07259e+21	1.82e-11	8.53e-07	9.55e-04	4.17e-02	3.52e-01	4.65e-01	1.09e-01	2.32e-02	6.99e-03	1.06e-04	0.00e+00
 3.10810e+21	1.96e-11	9.03e-07	9.97e-04	4.28e-02	3.56e-01	4.63e-01	1.07e-01	2.26e-02	6.72e-03	1.00e-04	0.00e+00
 3.15425e+21	2.15e-11	9.74e-07	1.05e-03	4.44e-02	3.61e-01	4.61e-01	1.04e-01	2.17e-02	6.37e-03	9.33e-05	0.00e+00
 3.21426e+21	2.43e-11	1.07e-06	1.13e-03	4.64e-02	3.68e-01	4.57e-01	1.01e-01	2.07e-02	5.95e-03	8.48e-05	0.00e+00
 3.28869e+21	2.85e-11	1.22e-06	1.24e-03	4.91e-02	3.76e-01	4.52e-01	9.68e-02	1.94e-02	5.44e-03	7.49e-05	0.00e+00
 3.36316e+21	3.50e-11	1.43e-06	1.40e-03	5.28e-02	3.87e-01	4.45e-01	9.14e-02	1.78e-02	4.85e-03	6.39e-05	0.00e+00
 3.42498e+21	4.15e-11	1.64e-06	1.55e-03	5.61e-02	3.95e-01	4.39e-01	8.70e-02	1.66e-02	4.39e-03	5.58e-05	0.00e+00
 3.47610e+21	4.78e-11	1.83e-06	1.68e-03	5.90e-02	4.03e-01	4.34e-01	8.35e-02	1.56e-02	4.04e-03	4.98e-05	0.00e+00
 3.51892e+21	5.40e-11	2.02e-06	1.80e-03	6.15e-02	4.09e-01	4.29e-01	8.05e-02	1.48e-02	3.77e-03	4.51e-05	0.00e+00
 3.55520e+21	6.00e-11	2.19e-06	1.91e-03	6.38e-02	4.14e-01	4.25e-01	7.80e-02	1.42e-02	3.54e-03	4.15e-05	0.00e+00
 3.58621e+21	6.55e-11	2.35e-06	2.01e-03	6.58e-02	4.18e-01	4.21e-01	7.59e-02	1.36e-02	3.36e-03	3.86e-05	0.00e+00
 3.61291e+21	7.09e-11	2.50e-06	2.11e-03	6.76e-02	4.22e-01	4.18e-01	7.41e-02	1.32e-02	3.21e-03	3.62e-05	0.00e+00
 3.63603e+21	7.59e-11	2.63e-06	2.19e-03	6.91e-02	4.25e-01	4.15e-01	7.26e-02	1.28e-02	3.08e-03	3.42e-05	0.00e+00
 3.65615e+21	8.06e-11	2.76e-06	2.27e-03	7.06e-02	4.28e-01	4.12e-01	7.12e-02	1.25e-02	2.97e-03	3.26e-05	0.00e+00
 3.67374e+21	8.49e-11	2.88e-06	2.33e-03	7.18e-02	4.31e-01	4.10e-01	7.01e-02	1.22e-02	2.88e-03	3.12e-05	0.00e+00
 3.68916e+21	8.89e-11	2.98e-06	2.40e-03	7.29e-02	4.33e-01	4.08e-01	6.91e-02	1.19e-02	2.80e-03	3.00e-05	0.00e+00
 3.70273e+21	9.26e-11	3.08e-06	2.45e-03	7.39e-02	4.35e-01	4.06e-01	6.82e-02	1.17e-02	2.73e-03	2.90e-05	0.00e+00
 3.71471e+21	9.61e-11	3.17e-06	2.50e-03	7.48e-02	4.37e-01	4.04e-01	6.74e-02	1.15e-02	2.67e-03	2.81e-05	0.00e+00
 3.72573e+21	9.92e-11	3.25e-06	2.55e-03	7.57e-02	4.38e-01	4.03e-01	6.67e-02	1.14e-02	2.62e-03	2.74e-05	0.00e+00
 3.73648e+21	1.02e-10	3.33e-06	2.60e-03	7.64e-02	4.40e-01	4.02e-01	6.60e-02	1.12e-02	2.57e-03	2.67e-05	0.00e+00
 3.74709e+21	1.06e-10	3.41e-06	2.64e-03	7.72e-02	4.41e-01	4.00e-01	6.54e-02	1.11e-02	2.52e-03	2.60e-05	0.00e+00
 3.75757e+21	1.09e-10	3.49e-06	2.69e-03	7.80e-02	4.42e-01	3.99e-01	6.47e-02	1.09e-02	2.48e-03	2.54e-05	0.00e+00
 3.76792e+21	1.12e-10	3.58e-06	2.73e-03	7.88e-02	4.44e-01	3.97e-01	6.41e-02	1.08e-02	2.43e-03	2.47e-05	0.00e+00
 3.77813e+21	1.16e-10	3.66e-06	2.78e-03	7.96e-02	4.45e-01	3.96e-01	6.35e-02	1.06e-02	2.39e-03	2.41e-05	0.00e+00
 3.78822e+21	1.19e-10	3.75e-06	2.83e-03	8.04e-02	4.46e-01	3.95e-01	6.29e-02	1.05e-02	2.34e-03	2.35e-05	0.00e+00
 3.79818e+21	1.23e-10	3.84e-06	2.88e-03	8.12e-02	4.48e-01	3.93e-01	6.23e-02	1.03e-02	2.30e-03	2.29e-05	0.00e+00
 3.80803e+21	1.26e-10	3.92e-06	2.92e-03	8.19e-02	4.49e-01	3.92e-01	6.17e-02	1.02e-02	2.26e-03	2.24e-05	0.00e+00
 3.81325e+21	1.30e-10	4.01e-06	2.97e-03	8.27e-02	4.50e-01	3.91e-01	6.11e-02	1.01e-02	2.22e-03	2.19e-05	0.00e+00
